1 -0.117177
2 -0.119255
3 -0.119223
4 -0.105437
5 -0.101446
6 -0.113674
7 -0.110520
8 -0.110757
9 -0.126815
10 -0.120994
11 -0.115051
12 -0.114024
13 -0.113413
14 -0.112862
15 -0.114993
16 -0.118700
17 -0.116109
18 -0.113869
19 -0.112128
20 -0.108062
21 -0.106167
22 -0.111542
23 -0.108627
24 -0.112399
25 -0.117350
26 -0.113485
27 -0.098110
28 -0.102046
29 -0.112022
30 -0.120851
31 -0.111095
32 -0.114559
33 -0.116157
34 -0.111351
35 -0.118610
36 -0.117995
37 -0.125008
38 -0.113575
39 -0.114855
40 -0.099437
41 -0.116344
42 -0.109591
43 -0.116523
44 -0.112305
45 -0.117813
46 -0.111868
47 -0.114835
48 -0.112391
49 -0.112146
50 -0.113175
51 -0.111535
52 -0.123202
53 -0.112774
54 -0.122871
55 -0.124830
56 -0.115632
57 -0.110838
58 -0.125752
59 -0.112891
60 -0.129722
61 -0.125118
62 -0.128971
63 -0.127678
64 -0.117606
65 -0.128596
66 -0.117601
67 -0.108360
68 -0.112256
69 -0.113301
70 -0.105217
71 -0.097876
72 -0.108207
73 -0.104562
74 -0.110928
75 -0.097762
76 -0.111740
77 -0.097439
78 -0.094485
79 -0.096417
80 -0.099653
81 -0.106046
82 -0.107688
83 -0.104659
84 -0.105771
85 -0.100360
86 -0.106021
87 -0.108603
88 -0.114584
89 -0.111535
90 -0.114757
91 -0.106418
92 -0.124072
93 -0.111128
94 -0.117577
95 -0.141295
96 -0.113442
97 -0.119438
98 -0.111702
99 -0.113730
100 -0.100411
101 -0.110638
102 -0.116646
103 -0.114656
104 -0.104152
105 -0.101979
106 -0.120545
107 -0.103705
108 -0.114402
109 -0.114979
110 -0.104141
111 -0.114026
112 -0.112187
113 -0.110000
114 -0.115299
115 -0.117759
116 -0.114709
117 -0.117902
118 -0.124095
119 -0.113038
120 -0.113597
121 -0.115032
122 -0.114510
123 -0.113737
124 -0.116784
125 -0.066037
126 -0.094248
127 -0.100573
128 -0.120680
129 -0.097896
130 -0.115695
131 -0.113684
132 -0.118204
133 -0.118794
134 -0.104791
135 -0.123825
136 -0.101865
137 -0.107247
138 -0.105866
139 -0.124114
140 -0.107027
141 -0.101581
142 -0.108735
143 -0.102926
144 -0.108676
145 -0.097866
146 -0.103264
147 -0.114652
148 -0.100242
149 -0.111715
150 -0.099476
151 -0.110449
152 -0.111739
153 -0.095145
154 -0.096163
155 -0.095990
156 -0.111682
157 -0.118597
158 -0.107179
159 -0.119687
160 -0.104008
161 -0.116131
162 -0.113233
163 -0.128798
164 -0.133296
165 -0.113755
166 -0.123595
167 -0.115172
168 -0.117699
169 -0.121530
170 -0.123109
171 -0.133948
172 -0.124977
173 -0.118822
174 -0.117943
175 -0.111420
176 -0.102328
177 -0.105908
178 -0.109082
179 -0.111309
180 -0.108655
181 -0.126600
182 -0.113224
183 -0.116190
184 -0.117330
185 -0.124429
186 -0.115610
187 -0.117645
188 -0.123782
189 -0.120935
190 -0.114556
191 -0.111117
192 -0.115884
193 -0.115110
194 -0.117913
195 -0.118299
196 -0.124189
197 -0.120590
198 -0.129177
199 -0.110737
200 -0.112187
201 -0.129424
202 -0.102716
203 -0.115451
204 -0.106558
205 -0.108697
206 -0.105387
207 -0.103807
208 -0.105580
209 -0.105467
210 -0.100085
211 -0.101269
212 -0.111101
213 -0.097753
214 -0.109245
215 -0.097125
216 -0.108946
217 -0.114237
218 -0.109490
219 -0.108491
220 -0.107084
221 -0.102564
222 -0.111701
223 -0.109325
224 -0.107547
225 -0.114827
226 -0.101301
227 -0.102593
228 -0.108331
229 -0.115792
230 -0.100214
231 -0.106723
232 -0.117195
233 -0.103815
234 -0.127315
235 -0.107219
236 -0.122164
237 -0.112714
238 -0.113679
239 -0.115507
240 -0.127184
241 -0.105809
242 -0.122626
243 -0.124568
244 -0.131931
245 -0.138943
246 -0.129609
247 -0.108065
248 -0.119888
249 -0.105181
250 -0.106072
251 -0.116445
252 -0.109339
253 -0.110516
254 -0.113974
255 -0.102534
256 -0.109608
257 -0.107899
258 -0.102088
259 -0.121859
260 -0.100815
261 -0.112433
262 -0.103212
263 -0.110115
264 -0.113986
265 -0.111979
266 -0.112287
267 -0.104467
268 -0.105742
269 -0.106760
270 -0.108310
271 -0.108198
272 -0.108394
273 -0.111449
274 -0.112326
275 -0.122081
276 -0.120033
277 -0.107618
278 -0.121925
279 -0.116863
280 -0.098275
281 -0.100646
282 -0.096135
283 -0.104959
284 -0.097750
285 -0.123084
286 -0.119273
287 -0.103154
288 -0.077553
289 -0.067187
290 -0.101212
291 -0.098885
292 -0.132799
293 -0.099248
294 -0.132418
295 -0.102288
296 -0.099204
297 -0.105805
298 -0.112368
299 -0.115288
300 -0.119956
301 -0.115833
302 -0.103910
303 -0.109861
304 -0.120935
305 -0.104274
306 -0.111851
307 -0.108139
308 -0.120390
309 -0.118275
310 -0.114398
311 -0.117728
312 -0.114195
313 -0.115805
314 -0.112118
315 -0.120238
316 -0.111646
317 -0.116454
318 -0.113064
319 -0.122334
320 -0.113541
321 -0.111752
322 -0.115805
323 -0.117281
324 -0.122722
325 -0.124644
326 -0.113793
327 -0.113011
328 -0.114054
329 -0.115018
330 -0.118672
331 -0.111178
332 -0.127943
333 -0.122538
334 -0.119759
335 -0.115220
336 -0.111800
337 -0.115587
338 -0.119982
339 -0.116721
340 -0.119708
341 -0.114245
342 -0.120404
343 -0.114737
344 -0.118878
345 -0.113553
346 -0.113870
347 -0.117785
348 -0.111866
349 -0.115547
350 -0.114309
351 -0.124600
352 -0.122608
353 -0.113720
354 -0.113933
355 -0.108125
356 -0.120754
357 -0.118678
358 -0.120904
359 -0.117721
360 -0.117368
361 -0.118761
362 -0.122706
363 -0.103079
364 -0.103174
365 -0.104309
366 -0.109173
367 -0.110183
368 -0.115427
369 -0.108998
370 -0.106229
371 -0.115738
372 -0.114032
373 -0.098267
374 -0.133061
375 -0.109780
376 -0.101890
377 -0.104118
378 -0.114191
379 -0.113323
380 -0.112835
381 -0.107814
382 -0.106751
383 -0.119981
384 -0.115053
385 -0.099327
386 -0.113321
387 -0.119059
388 -0.106053
389 -0.111106
390 -0.106118
391 -0.105365
392 -0.100646
393 -0.110772
394 -0.137318
395 -0.116580
396 -0.114333
397 -0.122668
398 -0.118655
399 -0.113757
400 -0.119438
401 -0.120151
402 -0.118897
403 -0.114063
404 -0.105109
405 -0.110023
406 -0.116204
407 -0.111554
408 -0.112217
409 -0.108874
410 -0.092901
411 -0.098749
412 -0.090624
413 -0.116534
414 -0.117597
415 -0.103025
416 -0.117513
417 -0.118779
418 -0.104699
419 -0.112044
420 -0.107252
421 -0.073301
422 -0.120282
423 -0.101347
424 -0.105575
425 -0.106624
426 -0.104831
427 -0.114351
428 -0.106085
429 -0.126793
430 -0.101764
431 -0.107416
432 -0.102390
433 -0.110403
434 -0.103716
435 -0.125662
436 -0.106531
437 -0.122092
438 -0.112100
439 -0.112575
440 -0.109347
441 -0.136396
442 -0.122550
443 -0.118079
444 -0.112188
445 -0.137951
446 -0.125401
447 -0.118081
448 -0.117989
449 -0.112161
450 -0.119933
451 -0.125473
452 -0.109719
453 -0.119899
454 -0.113993
455 -0.105690
456 -0.112913
457 -0.105486
458 -0.123617
459 -0.123708
460 -0.119220
461 -0.120033
462 -0.117378
463 -0.111107
464 -0.111888
465 -0.112735
466 -0.116858
467 -0.111462
468 -0.122924
469 -0.119661
470 -0.123982
471 -0.120227
472 -0.121092
473 -0.129624
474 -0.115020
475 -0.119067
476 -0.128299
477 -0.133208
478 -0.109058
479 -0.115433
480 -0.103579
481 -0.121558
482 -0.106633
483 -0.115677
484 -0.114619
485 -0.121326
486 -0.115513
487 -0.116527
488 -0.124250
489 -0.120107
490 -0.121606
491 -0.113127
492 -0.108604
493 -0.121619
494 -0.115785
495 -0.121472
496 -0.099594
497 -0.097236
498 -0.129479
499 -0.111830
500 -0.100864
501 -0.114209
502 -0.101551
503 -0.125069
504 -0.120911
505 -0.097960
506 -0.115676
507 -0.103335
508 -0.126963
509 -0.111934
510 -0.109408
511 -0.127731
512 -0.109026
513 -0.116213
514 -0.106917
515 -0.109606
516 -0.108324
517 -0.106759
518 -0.171429
519 -0.101161
520 -0.120442
521 -0.106347
522 -0.113030
523 -0.112360
524 -0.103235
525 -0.104488
526 -0.122528
527 -0.103106
528 -0.110703
529 -0.105101
530 -0.114599
531 -0.119534
532 -0.099883
533 -0.119949
534 -0.105695
535 -0.120764
536 -0.117730
537 -0.122427
538 -0.105793
539 -0.117711
540 -0.123351
541 -0.101634
542 -0.120956
543 -0.100671
544 -0.115554
545 -0.100812
546 -0.131758
547 -0.113482
548 -0.117257
549 -0.109303
550 -0.113556
551 -0.119910
552 -0.114005
553 -0.110130
554 -0.114827
555 -0.116763
556 -0.121918
557 -0.121785
558 -0.112847
559 -0.113158
560 -0.107364
561 -0.118112
562 -0.107602
563 -0.118843
564 -0.114998
565 -0.118728
566 -0.122160
567 -0.107707
568 -0.126593
569 -0.120173
570 -0.102244
571 -0.128056
572 -0.118738
573 -0.101865
574 -0.098286
575 -0.109159
576 -0.126217
577 -0.097926
578 -0.075967
579 -0.056862
580 -0.103973
581 -0.108211
582 -0.105388
583 -0.115455
584 -0.122924
585 -0.117421
586 -0.122236
587 -0.070272
588 -0.109402
589 -0.100273
590 -0.106321
591 -0.070927
592 -0.110866
593 -0.116572
594 -0.115575
595 -0.106060
596 -0.111727
597 -0.107562
598 -0.120692
599 -0.110127
600 -0.124405
601 -0.116016
602 -0.116767
603 -0.104701
604 -0.101082
605 -0.111712
606 -0.105674
607 -0.102775
608 -0.113999
609 -0.103146
610 -0.102282
611 -0.099802
612 -0.103589
613 -0.101659
614 -0.102519
615 -0.106616
616 -0.102120
617 -0.099420
618 -0.105192
619 -0.108262
620 -0.096121
621 -0.095872
622 -0.099829
623 -0.114222
624 -0.111815
625 -0.112759
626 -0.111183
627 -0.108141
628 -0.111219
629 -0.115531
630 -0.106066
631 -0.110791
632 -0.107526
633 -0.115228
634 -0.116275
635 -0.102872
636 -0.106843
637 -0.103048
638 -0.103320
639 -0.104218
640 -0.107627
641 -0.102790
642 -0.105801
643 -0.101614
644 -0.103717
645 -0.104268
646 -0.109572
647 -0.100618
648 -0.105437
649 -0.107316
650 -0.111436
651 -0.110676
652 -0.112411
653 -0.110730
654 -0.123898
655 -0.115906
656 -0.117355
657 -0.115482
658 -0.118749
659 -0.114706
660 -0.108245
661 -0.117830
662 -0.061170
663 -0.064752
664 -0.104254
665 -0.108936
666 -0.117584
667 -0.101815
668 -0.102734
669 -0.105567
670 -0.116175
671 -0.110820
672 -0.106142
673 -0.104377
674 -0.117711
675 -0.109043
676 -0.108096
677 -0.103261
678 -0.122016
679 -0.105458
680 -0.103533
681 -0.108596
682 -0.100678
683 -0.109024
684 -0.100455
685 -0.071309
686 -0.071830
687 -0.129751
688 -0.124854
689 -0.117821
690 -0.115660
691 -0.127129
692 -0.114149
693 -0.125940
694 -0.110396
695 -0.110283
696 -0.118354
697 -0.121683
698 -0.105365
699 -0.104443
700 -0.113193
701 -0.115150
702 -0.108605
-1 0
