0 3
210	376	378	
1 7
152	211	212	216	292	377	580	
2 6
108	207	215	293	581	582	
3 11
71	106	107	153	154	205	206	213	214	290	291	
4 11
105	155	204	208	209	294	374	375	499	500	541	
5 11
22	23	75	77	104	202	295	296	497	545	546	
6 13
20	70	74	76	203	297	370	373	498	501	543	620	622	
7 12
1	5	21	40	72	73	156	298	371	372	496	502	
8 17
43	46	48	67	151	363	367	383	399	402	403	542	544	621	684	685	686	
9 13
6	8	42	49	50	66	157	158	364	365	366	400	682	
10 12
7	44	368	369	384	397	428	584	619	680	681	683	
11 14
41	45	47	51	64	69	191	192	254	299	350	398	401	649	
12 20
11	12	19	68	190	193	194	265	266	300	348	349	550	560	585	586	628	650	651	669	
13 15
13	14	63	187	188	195	301	347	357	359	623	624	627	629	648	
14 14
189	354	356	361	458	547	559	583	626	646	666	670	671	694	
15 15
15	18	65	186	355	358	362	461	509	625	645	647	672	700	702	
16 19
52	185	197	200	201	352	353	360	511	549	639	640	643	644	664	665	673	695	701	
17 15
53	60	196	199	351	460	510	548	556	638	674	693	696	698	699	
18 19
17	59	62	173	174	198	381	382	459	468	469	472	557	636	637	654	691	692	697	
19 16
37	56	61	274	473	475	551	553	558	561	562	652	655	668	688	690	
20 14
16	36	171	273	341	440	441	470	471	474	476	552	653	687	
21 20
10	55	57	58	166	172	342	431	432	439	447	477	554	555	633	641	667	678	679	689	
22 14
275	318	340	422	423	438	443	446	449	630	632	642	676	677	
23 20
9	35	139	163	168	170	179	332	333	417	418	424	426	430	442	444	448	631	635	675	
24 16
164	165	169	180	181	267	334	379	425	427	429	445	566	568	634	658	
25 16
28	109	140	325	335	339	380	414	488	493	494	565	567	569	659	660	
26 19
27	54	162	175	259	260	324	338	415	416	419	487	489	492	507	508	570	656	661	
27 20
110	183	258	314	336	410	411	420	451	485	486	490	495	505	563	564	571	572	657	662	
28 17
184	257	264	315	317	322	323	330	331	337	343	412	421	484	491	504	663	
29 16
4	125	127	178	277	279	310	316	328	344	405	406	413	450	453	506	
30 19
38	128	176	182	261	263	276	278	311	313	326	329	345	346	404	452	482	483	503	
31 19
3	112	126	129	130	142	145	150	262	271	303	312	327	407	409	462	463	464	479	
32 13
120	121	131	144	149	177	255	256	304	408	434	478	480	
33 22
31	39	78	79	80	111	113	119	133	141	143	147	148	167	219	272	305	319	435	465	466	481	
34 13
30	114	122	134	135	146	217	220	302	306	433	437	467	
35 18
29	32	34	82	123	124	132	137	138	160	221	222	268	307	308	320	321	436	
36 14
25	33	81	88	89	115	136	159	161	218	269	309	524	525	
37 18
24	90	92	116	118	223	224	225	270	284	288	289	393	520	522	530	531	605	
38 16
2	91	93	101	102	117	280	283	512	526	528	532	538	539	604	606	
39 12
99	242	281	282	513	521	527	540	592	594	608	610	
40 16
87	103	238	239	241	243	389	391	514	523	529	537	607	609	613	616	
41 13
235	285	286	386	388	390	392	533	588	593	611	614	615	
42 13
98	234	237	240	385	454	455	516	535	587	600	612	617	
43 13
26	100	236	244	287	394	456	515	590	591	596	599	618	
44 13
84	85	86	226	457	519	534	536	573	574	575	589	595	
45 10
95	97	230	387	395	396	518	578	597	598	
46 9
83	96	229	245	247	249	576	577	579	
47 7
227	228	248	253	517	602	603	
48 7
94	232	233	250	251	252	601	
49 2
231	246	
-1 -1
